1 1 0.698455998636608
1 2 0.351844907875699
1 3 -0.0065407069689387
1 4 -0.201629367435613
1 5 -0.181639791105078
1 6 -0.0327291525071524
1 7 0.100248125275867
1 8 0.121354197903323
1 9 0.0398712226780887
1 10 -0.0582272349583752
2 1 0.351844907875699
2 2 0.108919809058432
2 3 -0.124111881387496
2 4 -0.21718431835124
2 5 -0.145231376723941
2 6 0.00653930773432966
2 7 0.115356136847076
2 8 0.112058624112819
2 9 0.0221047546807415
2 10 -0.0684908819675717
3 1 -0.0065407069689387
3 2 -0.124111881387496
3 3 -0.210171522935255
3 4 -0.191784854932628
3 5 -0.0749406829540772
3 6 0.0614676825881785
3 7 0.127598635095563
3 8 0.0902658710255413
3 9 -0.00653697607576019
3 10 -0.0813921799046342
4 1 -0.201629367435613
4 2 -0.21718431835124
4 3 -0.191784854932628
4 4 -0.1036222902607
4 5 0.0186864368169347
4 6 0.110991773450039
4 7 0.121354197903323
4 8 0.0516786593150782
4 9 -0.0417796982272503
4 10 -0.0905022895892858
5 1 -0.181639791105078
5 2 -0.145231376723941
5 3 -0.0749406829540772
5 4 0.0186864368169347
5 5 0.100248125275867
5 6 0.127914465192293
5 7 0.0851882352500579
5 8 -0.000975520434412708
5 9 -0.0742915350862587
5 10 -0.0879203450518963
6 1 -0.0327291525071524
6 2 0.00653930773432966
6 3 0.0614676825881785
6 4 0.110991773450039
6 5 0.127914465192293
6 6 0.0951366319218347
6 7 0.0221047546807415
6 8 -0.054402111088937
6 9 -0.0909741963302681
6 10 -0.0674071508949109
7 1 0.100248125275867
7 2 0.115356136847076
7 3 0.127598635095563
7 4 0.121354197903323
7 5 0.0851882352500579
7 6 0.0221047546807415
7 7 -0.0461727331008918
7 8 -0.0878605757706669
7 9 -0.0805697798325733
7 10 -0.0288452448121446
8 1 0.121354197903323
8 2 0.112058624112819
8 3 0.0902658710255413
8 4 0.0516786593150782
8 5 -0.000975520434412708
8 6 -0.054402111088937
8 7 -0.0878605757706669
8 8 -0.083953080486421
8 9 -0.0416073790759675
8 10 0.0185521924232888
9 1 0.0398712226780887
9 2 0.0221047546807415
9 3 -0.00653697607576019
9 4 -0.0417796982272503
9 5 -0.0742915350862587
9 6 -0.0909741963302681
9 7 -0.0805697798325733
9 8 -0.0416073790759675
9 9 0.0126375416420494
9 10 0.0576305754892806
10 1 -0.0582272349583752
10 2 -0.0684908819675717
10 3 -0.0813921799046342
10 4 -0.0905022895892858
10 5 -0.0879203450518963
10 6 -0.0674071508949109
10 7 -0.0288452448121446
10 8 0.0185521924232888
10 9 0.0576305754892806
10 10 0.0707098052746793
