1 1 6.98455998636608
1 2 3.51844907875699
1 3 -0.065407069689387
1 4 -2.01629367435613
1 5 -1.81639791105078
1 6 -0.327291525071524
1 7 1.00248125275867
1 8 1.21354197903323
1 9 0.398712226780887
1 10 -0.582272349583753
2 1 3.51844907875699
2 2 1.08919809058432
2 3 -1.24111881387496
2 4 -2.1718431835124
2 5 -1.45231376723941
2 6 0.0653930773432966
2 7 1.15356136847076
2 8 1.12058624112819
2 9 0.221047546807415
2 10 -0.684908819675717
3 1 -0.065407069689387
3 2 -1.24111881387496
3 3 -2.10171522935255
3 4 -1.91784854932628
3 5 -0.749406829540772
3 6 0.614676825881785
3 7 1.27598635095563
3 8 0.902658710255413
3 9 -0.0653697607576019
3 10 -0.813921799046342
4 1 -2.01629367435613
4 2 -2.1718431835124
4 3 -1.91784854932628
4 4 -1.036222902607
4 5 0.186864368169347
4 6 1.10991773450039
4 7 1.21354197903323
4 8 0.516786593150782
4 9 -0.417796982272503
4 10 -0.905022895892858
5 1 -1.81639791105078
5 2 -1.45231376723941
5 3 -0.749406829540772
5 4 0.186864368169347
5 5 1.00248125275867
5 6 1.27914465192293
5 7 0.851882352500579
5 8 -0.00975520434412708
5 9 -0.742915350862587
5 10 -0.879203450518963
6 1 -0.327291525071524
6 2 0.0653930773432966
6 3 0.614676825881785
6 4 1.10991773450039
6 5 1.27914465192293
6 6 0.951366319218347
6 7 0.221047546807415
6 8 -0.54402111088937
6 9 -0.909741963302681
6 10 -0.674071508949109
7 1 1.00248125275867
7 2 1.15356136847076
7 3 1.27598635095563
7 4 1.21354197903323
7 5 0.851882352500579
7 6 0.221047546807415
7 7 -0.461727331008918
7 8 -0.878605757706669
7 9 -0.805697798325733
7 10 -0.288452448121446
8 1 1.21354197903323
8 2 1.12058624112819
8 3 0.902658710255413
8 4 0.516786593150782
8 5 -0.00975520434412708
8 6 -0.54402111088937
8 7 -0.878605757706669
8 8 -0.83953080486421
8 9 -0.416073790759675
8 10 0.185521924232888
9 1 0.398712226780887
9 2 0.221047546807415
9 3 -0.0653697607576019
9 4 -0.417796982272503
9 5 -0.742915350862587
9 6 -0.909741963302681
9 7 -0.805697798325733
9 8 -0.416073790759675
9 9 0.126375416420494
9 10 0.576305754892806
10 1 -0.582272349583753
10 2 -0.684908819675717
10 3 -0.813921799046342
10 4 -0.905022895892858
10 5 -0.879203450518963
10 6 -0.674071508949109
10 7 -0.288452448121446
10 8 0.185521924232888
10 9 0.576305754892806
10 10 0.707098052746793
